2 0.444 0.6168611111111112 0.011932291666666709 0.05073148148148145
2 0.418046875 0.5090555555555555 0.010057291666666638 0.04415740740740746
2 0.4000052083333333 0.5302685185185185 0.009468750000000033 0.0422500000000001
2 0.69375 0.6092592592592593 0.014765624999999952 0.050342592592592494
2 0.6261927083333333 0.4948703703703704 0.007890625000000047 0.03990740740740732
2 0.6501822916666666 0.5231666666666667 0.016348958333333267 0.04104629629629623
2 0.1605625 0.5016296296296296 0.01274479166666668 0.03382407407407405
0 0.17840625000000002 0.526962962962963 0.006223958333333357 0.008157407407407356
2 0.2367760416666667 0.45393518518518516 0.010317708333333305 0.035694444444444404
2 0.5024375 0.4683611111111111 0.009208333333333367 0.039240740740740736
3 0.469921875 0.40362962962962967 0.009135416666666648 0.03353703703703706
2 0.448765625 0.37222222222222223 0.007692708333333324 0.02874999999999996
2 0.5033541666666667 0.41425 0.00841145833333338 0.031740740740740715