2 0.4506354166666667 0.6184722222222223 0.01605729166666663 0.050148148148148226
2 0.396890625 0.5307407407407407 0.012479166666666685 0.04279629629629632
2 0.15733854166666666 0.5023333333333333 0.015437499999999993 0.03926851851851859
2 0.23225520833333332 0.459324074074074 0.010458333333333354 0.03791666666666671
2 0.4126197916666667 0.5139907407407408 0.011515624999999948 0.04527777777777786
3 0.46470833333333333 0.4050092592592593 0.009114583333333334 0.033259259259259225
2 0.502734375 0.47085185185185185 0.00947916666666669 0.039675925925925844
2 0.49670312499999997 0.4191944444444445 0.007270833333333352 0.03137962962962962
2 0.45179687500000004 0.3742314814814815 0.010520833333333358 0.028296296296296247
2 0.5294166666666666 0.4188703703703704 0.009380208333333447 0.034833333333333334
2 0.6183333333333334 0.42025 0.012281249999999962 0.033777777777777795
2 0.628984375 0.4000833333333333 0.006203124999999924 0.032398148148148155
2 0.6242552083333333 0.3777037037037037 0.0062239583333332385 0.029944444444444475
2 0.6727291666666667 0.4153425925925926 0.009953125000000066 0.03364814814814818
2 0.6412395833333334 0.4444722222222222 0.007526041666666572 0.03890740740740739
2 0.635890625 0.4530648148148148 0.010468749999999952 0.036370370370370345
2 0.628625 0.5005740740740741 0.010843750000000086 0.040064814814814796
2 0.6557916666666667 0.5215000000000001 0.011270833333333266 0.04414814814814821
2 0.7024322916666667 0.48010185185185184 0.013546875000000114 0.04195370370370365
2 0.698078125 0.6097407407407407 0.014348958333333429 0.05151851851851861
2 0.8088020833333334 0.5928148148148148 0.018062499999999915 0.04416666666666671
2 0.8595 0.6496666666666666 0.012828125000000056 0.049083333333333326
3 0.847359375 0.6641851851851852 0.009802083333333418 0.056703703703703714
2 0.88865625 0.42871296296296296 0.008994791666666658 0.038388888888888924
0 0.15482812499999998 0.5185277777777778 0.004739583333333345 0.007768518518518611
3 0.322265625 0.3279537037037037 0.005359374999999981 0.023935185185185205