2 0.454078125 0.615175925925926 0.012203125000000033 0.044703703703703676
2 0.3930520833333333 0.5338611111111111 0.011109374999999961 0.044046296296296236
2 0.4076302083333333 0.5180277777777778 0.016750000000000043 0.04453703703703695
2 0.5026666666666667 0.4715185185185185 0.007473958333333286 0.03812962962962969
3 0.4571614583333333 0.40575925925925926 0.008291666666666704 0.034037037037037025
2 0.45441145833333335 0.3796111111111111 0.007838541666666643 0.030527777777777803
2 0.4899791666666667 0.4258240740740741 0.008968750000000015 0.03533333333333331
2 0.5324687499999999 0.42106481481481484 0.01275000000000001 0.03477777777777773
2 0.7025625000000001 0.6073333333333333 0.0135989583333334 0.053712962962962955
2 0.6622864583333333 0.5250833333333333 0.01704687500000001 0.045509259259259346
2 0.6301875 0.5088611111111112 0.00940104166666676 0.04392592592592598
2 0.8168697916666667 0.59425 0.012067708333333371 0.045657407407407355
2 0.862359375 0.6482685185185185 0.014572916666666677 0.04917592592592583
3 0.85375 0.6644444444444445 0.016395833333333342 0.05464814814814813
2 0.7044166666666667 0.48076851851851854 0.009473958333333362 0.043694444444444494
2 0.6362291666666666 0.4568796296296297 0.008604166666666658 0.04170370370370367
2 0.6741875 0.41848148148148145 0.008927083333333268 0.034583333333333355
2 0.6424791666666666 0.44613888888888886 0.010270833333333229 0.0374814814814815
2 0.6200885416666666 0.4219907407407407 0.0068749999999999055 0.03211111111111106
2 0.6299218750000001 0.40161111111111114 0.007078125000000076 0.03284259259259262
2 0.6246770833333334 0.38104629629629627 0.0063229166666666 0.027981481481481506
2 0.8882135416666667 0.4294537037037037 0.008484374999999982 0.036074074074074106
2 0.22814062499999999 0.4613425925925926 0.009244791666666667 0.042314814814814854
2 0.15128645833333335 0.4984259259259259 0.014145833333333318 0.03294444444444438
0 0.15167187499999998 0.5190277777777778 0.0038854166666666854 0.00678703703703697
3 0.3201041666666667 0.3295740740740741 0.006697916666666614 0.02272222222222219