0 0.29963541666666665 0.5904814814814815 0.007260416666666695 0.01206481481481479
2 0.4330104166666667 0.6305648148148149 0.01309895833333338 0.051435185185185146
2 0.4086927083333334 0.5379074074074075 0.013895833333333366 0.04099074074074072
2 0.43122916666666666 0.50575 0.01215104166666663 0.04512962962962964
1 0.1584479166666667 0.49126851851851855 0.011197916666666667 0.04119444444444445
2 0.2490416666666667 0.4382222222222222 0.011421874999999974 0.03657407407407407
3 0.3286875 0.3191481481481482 0.006031249999999962 0.02439814814814817
2 0.44176041666666666 0.36291666666666667 0.008687500000000034 0.03153703703703709
2 0.49783333333333335 0.46243518518518517 0.007557291666666662 0.03949074074074072
3 0.48652083333333335 0.3952407407407407 0.006260416666666657 0.03427777777777776
2 0.5162760416666666 0.4144351851851852 0.0112916666666667 0.037620370370370367
2 0.5262447916666667 0.39639814814814817 0.009395833333333315 0.03437962962962963
2 0.609125 0.4160185185185185 0.00926562499999998 0.0312314814814815
2 0.6211927083333334 0.476787037037037 0.00905208333333339 0.04367592592592599
2 0.6361458333333334 0.5216018518518519 0.012994791666666571 0.046314814814814795
2 0.685390625 0.6185277777777778 0.010171875000000104 0.05062962962962969
3 0.8339583333333334 0.6724074074074075 0.013151041666666667 0.06081481481481488
2 0.8462916666666668 0.6545 0.016468749999999942 0.05250925925925929
2 0.7823593750000001 0.590962962962963 0.01029166666666678 0.04477777777777769
2 0.7041770833333333 0.4861851851851852 0.01231770833333338 0.04413888888888896
2 0.645390625 0.43989814814814815 0.011203125000000114 0.0404444444444444
2 0.62928125 0.43989814814814815 0.00866145833333339 0.038833333333333275
2 0.6642604166666667 0.40785185185185185 0.007755208333333267 0.034722222222222224
2 0.6320729166666667 0.3879814814814815 0.0075937499999999625 0.03435185185185187
1 0.9020312500000001 0.42662962962962964 0.011291666666666582 0.0408055555555556
2 0.626484375 0.36923148148148144 0.008374999999999962 0.02926851851851853