2 0.5888020833333333 0.6046296296296296 0.019270833333333334 0.08148148148148149
2 0.43333333333333335 0.36342592592592593 0.015625 0.06759259259259259
2 0.6114583333333333 0.38564814814814813 0.01875 0.0712962962962963
2 0.35130208333333335 0.4740740740740741 0.016145833333333335 0.07777777777777778
2 0.340625 0.35509259259259257 0.021875 0.06018518518518518
2 0.33880208333333334 0.2847222222222222 0.0140625 0.05648148148148148
0 0.38776041666666666 0.275 0.0078125 0.011111111111111112
2 0.21328125 0.2569444444444444 0.0140625 0.05277777777777778
2 0.4739583333333333 0.2569444444444444 0.017708333333333333 0.049074074074074076
2 0.44765625 0.21296296296296297 0.013020833333333334 0.05185185185185185
2 0.4674479166666667 0.21851851851851853 0.009895833333333333 0.044444444444444446
2 0.33567708333333335 0.5925925925925926 0.019270833333333334 0.08888888888888889
2 0.16822916666666668 0.3731481481481482 0.016666666666666666 0.07222222222222222
3 0.5427083333333333 0.3013888888888889 0.014583333333333334 0.06018518518518518
2 0.57421875 0.29305555555555557 0.0140625 0.05092592592592592
2 0.6291666666666667 0.20833333333333334 0.015625 0.04259259259259259
2 0.6622395833333333 0.225 0.0171875 0.04814814814814815
2 0.884375 0.6583333333333333 0.021875 0.08703703703703704
2 0.8765625 0.5689814814814815 0.017708333333333333 0.08055555555555556
2 0.8161458333333333 0.4111111111111111 0.0125 0.07592592592592592
2 0.7838541666666666 0.32916666666666666 0.014583333333333334 0.062037037037037036
2 0.80234375 0.37175925925925923 0.013020833333333334 0.06388888888888888
3 0.18880208333333334 0.21203703703703702 0.015104166666666667 0.05