2 0.45259895833333336 0.6155740740740742 0.013588541666666624 0.044027777777777735
2 0.393796875 0.5334814814814814 0.012036458333333281 0.042740740740740815
2 0.40802083333333333 0.5169259259259259 0.016067708333333285 0.046314814814814795
2 0.53159375 0.42128703703703707 0.012093750000000014 0.03481481481481483
2 0.50215625 0.4711851851851852 0.0067968749999999765 0.041027777777777726
3 0.45996354166666664 0.4058148148148148 0.008666666666666718 0.035425925925925916
2 0.4535677083333333 0.3771481481481481 0.00791666666666669 0.03165740740740735
2 0.49122916666666666 0.42410185185185184 0.007781250000000029 0.03481481481481483
2 0.6196145833333334 0.421462962962963 0.0093020833333334 0.03291666666666662
2 0.6248072916666667 0.38057407407407406 0.007963541666666648 0.03061111111111106
2 0.6297083333333333 0.4016018518518519 0.008234374999999971 0.033870370370370405
2 0.6420260416666667 0.4449259259259259 0.010369791666666591 0.03756481481481486
2 0.6363697916666666 0.45722222222222225 0.008895833333333296 0.04016666666666666
2 0.6294635416666666 0.5076481481481482 0.009994791666666695 0.044416666666666695
2 0.6607291666666666 0.5240185185185186 0.017531249999999925 0.04382407407407401
2 0.7036250000000001 0.4798055555555556 0.010546875 0.043620370370370275
2 0.6732239583333333 0.41728703703703707 0.009989583333333248 0.03462962962962961
2 0.7009947916666667 0.6084444444444445 0.012890625 0.051759259259259345
2 0.8151770833333334 0.5942222222222222 0.012968750000000048 0.04529629629629636
3 0.8524114583333334 0.6646574074074074 0.01609375000000005 0.05539814814814808
2 0.8610416666666667 0.6492962962962963 0.014010416666666714 0.05116666666666666
2 0.8881197916666667 0.429537037037037 0.007927083333333229 0.037749999999999985
3 0.3201510416666667 0.32960185185185187 0.006838541666666724 0.02454629629629629
2 0.228484375 0.4616388888888889 0.009130208333333318 0.04062962962962963
2 0.15118749999999997 0.49887037037037035 0.010578124999999971 0.033796296296296297
0 0.1521875 0.5187407407407407 0.004765624999999988 0.00646296296296298