0 0.39996354166666664 0.6385833333333333 0.00689062500000001 0.01173148148148155
2 0.4439895833333333 0.6448518518518519 0.015890624999999995 0.055000000000000084
2 0.4321302083333334 0.5557962962962962 0.014411458333333372 0.0492777777777778
2 0.44454166666666667 0.5055277777777778 0.011437500000000019 0.04645370370370377
2 0.2635677083333334 0.42312037037037037 0.010182291666666643 0.03756481481481486
2 0.13961458333333335 0.4806388888888889 0.010557291666666658 0.041694444444444416
2 0.4488125 0.34479629629629627 0.010151041666666671 0.028055555555555514
2 0.4908541666666667 0.4555185185185185 0.012656249999999977 0.04197222222222226
2 0.5066979166666666 0.4129074074074074 0.009755208333333343 0.040194444444444415
3 0.5024635416666666 0.3873333333333333 0.00774479166666661 0.0334351851851852
2 0.5513802083333333 0.3748240740740741 0.00969791666666661 0.032305555555555546
2 0.6145989583333333 0.4158981481481482 0.009114583333333334 0.03918518518518523
2 0.6254531249999999 0.4263888888888889 0.0093020833333334 0.036907407407407423
2 0.6204322916666667 0.45870370370370367 0.009786458333333314 0.04267592592592585
2 0.6628072916666666 0.4354444444444444 0.012046875000000058 0.04389814814814812
2 0.66553125 0.4006203703703704 0.00833854166666678 0.033370370370370335
2 0.630234375 0.5277037037037037 0.010703125000000095 0.046388888888888806
2 0.72928125 0.49303703703703705 0.01544791666666659 0.050037037037037005
2 0.68428125 0.6361851851851852 0.012630208333333334 0.058703703703703786
2 0.7780468749999999 0.5999351851851852 0.010161458333333448 0.04773148148148144
2 0.8433177083333334 0.6578518518518519 0.01601041666666655 0.0551851851851851
3 0.83884375 0.6835833333333333 0.014968749999999887 0.06049999999999992
3 0.3312083333333333 0.3051574074074074 0.009302083333333282 0.023999999999999962
2 0.9309895833333334 0.4205277777777778 0.014755208333333296 0.047842592592592555
2 0.640625 0.3814814814814815 0.010416666666666666 0.03333333333333333
2 0.63903125 0.3595648148148148 0.008390625000000066 0.029833333333333358