0 0.32442187499999997 0.6014444444444444 0.006526041666666652 0.010935185185185135
2 0.43509375 0.6339722222222223 0.011583333333333338 0.05689814814814819
2 0.4130625 0.5406018518518518 0.011479166666666648 0.04148148148148144
2 0.4341666666666667 0.5050092592592592 0.012932291666666628 0.04678703703703701
2 0.25264583333333335 0.4355925925925926 0.010979166666666687 0.03850925925925929
1 0.15643229166666667 0.4871388888888889 0.010000000000000024 0.04191666666666665
3 0.3300677083333333 0.31527777777777777 0.006401041666666648 0.025546296296296327
2 0.44279166666666664 0.35868518518518516 0.008885416666666639 0.030777777777777786
3 0.49086979166666667 0.39581481481481484 0.009682291666666624 0.033231481481481466
2 0.4974895833333333 0.46073148148148146 0.012182291666666718 0.040574074074074123
2 0.5142864583333333 0.4150925925925926 0.009557291666666618 0.0352962962962963
2 0.532296875 0.39205555555555555 0.008052083333333352 0.03353703703703706
2 0.686359375 0.6215648148148147 0.016703125000000086 0.05553703703703705
2 0.6340260416666667 0.5216944444444443 0.011208333333333324 0.04319444444444453
2 0.6210885416666667 0.4728981481481482 0.010177083333333314 0.038814814814814885
2 0.708203125 0.48627777777777775 0.012104166666666553 0.046351851851851804
2 0.64859375 0.43801851851851853 0.009994791666666695 0.040879629629629606
2 0.6651041666666667 0.4055185185185185 0.010989583333333285 0.03549074074074078
2 0.6334166666666667 0.3889444444444444 0.010395833333333352 0.032537037037037024
2 0.6284166666666666 0.36764814814814817 0.010572916666666762 0.02955555555555552
2 0.60984375 0.41614814814814816 0.008447916666666562 0.03631481481481484
2 0.6296614583333333 0.4373703703703704 0.01029687499999999 0.04037037037037039
2 0.78096875 0.5902962962962963 0.01886458333333323 0.04677777777777776
2 0.8429114583333334 0.6542870370370371 0.013765624999999915 0.05236111111111107
3 0.8320729166666666 0.6741851851851852 0.012093749999999896 0.06311111111111119
1 0.9061822916666666 0.42448148148148146 0.011979166666666667 0.04079629629629635