2 0.15989583333333332 0.5027962962962963 0.012052083333333326 0.036138888888888866
0 0.17153125 0.5234351851851852 0.006020833333333305 0.009231481481481507
2 0.23543229166666665 0.4544722222222222 0.009416666666666688 0.03815740740740744
2 0.4495677083333333 0.37365740740740744 0.007114583333333376 0.029509259259259263
3 0.4687604166666667 0.4028425925925926 0.0074583333333333 0.03135185185185187
2 0.41781770833333337 0.5105833333333333 0.010953124999999985 0.04562037037037035
2 0.39934895833333334 0.5314907407407408 0.00987500000000002 0.041990740740740655
2 0.5015833333333333 0.41488888888888886 0.00731770833333331 0.03105555555555552
2 0.5275 0.4180462962962963 0.011135416666666724 0.03681481481481481
2 0.5026614583333333 0.46890740740740744 0.010098958333333385 0.03709259259259265
2 0.4456875 0.6182592592592593 0.012130208333333314 0.048675925925925866
2 0.6268697916666667 0.49786111111111114 0.009083333333333362 0.04289814814814808
2 0.65096875 0.5203888888888889 0.017062500000000112 0.04417592592592596
2 0.69415625 0.6090555555555556 0.011140624999999934 0.05354629629629623
2 0.6330729166666667 0.45051851851851854 0.008395833333333276 0.03911111111111112
2 0.7016197916666667 0.4791944444444444 0.00923437500000001 0.04214814814814813
2 0.6419479166666666 0.4433611111111111 0.009000000000000103 0.03754629629629625
2 0.6155989583333333 0.41833333333333333 0.00774479166666661 0.03129629629629625
2 0.6239010416666667 0.3761388888888889 0.006578125000000057 0.028935185185185185
2 0.629578125 0.3964444444444445 0.008255208333333286 0.03411111111111114
2 0.6695260416666666 0.41475 0.007869791666666733 0.03351851851851856
2 0.8021302083333333 0.5924166666666666 0.011338541666666656 0.04687962962962973
2 0.8579166666666667 0.647361111111111 0.015343750000000019 0.052000000000000074
3 0.8432552083333333 0.6657685185185185 0.012833333333333268 0.06276851851851849
2 0.8896979166666666 0.4285833333333333 0.011244791666666743 0.03958333333333333
3 0.32325 0.3272037037037037 0.00514583333333339 0.025287037037036986