2 0.7510416666666667 0.5032407407407408 0.013541666666666667 0.058333333333333334
2 0.7002604166666667 0.4925925925925926 0.0140625 0.04259259259259259
2 0.8614583333333333 0.4527777777777778 0.011458333333333333 0.05
3 0.9127604166666666 0.8148148148148148 0.028645833333333332 0.09074074074074075
2 0.8453125 0.42268518518518516 0.009375 0.04537037037037037
2 0.6591145833333333 0.4398148148148148 0.016145833333333335 0.04814814814814815
2 0.6856770833333333 0.4212962962962963 0.011979166666666667 0.04814814814814815
2 0.5088541666666667 0.4351851851851852 0.0125 0.04814814814814815
2 0.4744791666666667 0.41898148148148145 0.0125 0.041666666666666664
2 0.46458333333333335 0.4935185185185185 0.020833333333333332 0.040740740740740744
3 0.40520833333333334 0.4601851851851852 0.011458333333333333 0.05185185185185185
2 0.3640625 0.5333333333333333 0.013541666666666667 0.053703703703703705
2 0.34140625 0.4824074074074074 0.011979166666666667 0.040740740740740744
2 0.4578125 0.3773148148148148 0.0125 0.03611111111111111
3 0.4578125 0.2800925925925926 0.007291666666666667 0.030555555555555555
0 0.3580729166666667 0.5360740740740741 0.0047760416666667044 0.008870370370370303
2 0.349828125 0.39371296296296293 0.009984375000000038 0.04437037037037033
2 0.357203125 0.3813611111111111 0.012588541666666704 0.0397407407407407
2 0.2899322916666666 0.40605555555555556 0.013890625000000038 0.04359259259259263
2 0.2755 0.44887962962962963 0.012369791666666666 0.047453703703703706
2 0.2545572916666667 0.48726851851851855 0.010848958333333355 0.05092592592592592
2 0.234375 0.49710185185185185 0.015625 0.04822222222222215
2 0.2364375 0.4126111111111111 0.010635416666666645 0.047453703703703706
2 0.19791666666666666 0.38807407407407407 0.009192708333333322 0.03866666666666666