2 0.15815104166666666 0.503 0.015994791666666685 0.039481481481481576
0 0.15521875 0.5189166666666666 0.0035520833333333593 0.006824074074073973
2 0.23232291666666666 0.45816666666666667 0.011265624999999998 0.03904629629629626
3 0.321875 0.32755555555555554 0.006765625000000005 0.024083333333333325
2 0.3969739583333334 0.5311111111111111 0.011453125000000005 0.043342592592592544
2 0.44900520833333335 0.6190185185185185 0.014395833333333385 0.05026851851851848
2 0.414109375 0.5141666666666667 0.012380208333333325 0.046351851851851804
3 0.46529166666666666 0.40525 0.010203124999999957 0.03452777777777775
2 0.45125 0.37466666666666665 0.009807291666666629 0.02925000000000003
2 0.49828645833333335 0.4192037037037037 0.007661458333333353 0.032379629629629654
2 0.5289531249999999 0.41783333333333333 0.01079687500000001 0.03798148148148146
2 0.5024427083333334 0.47002777777777777 0.010348958333333276 0.04057407407407401
2 0.6281614583333333 0.49958333333333327 0.010213541666666734 0.04211111111111113
2 0.6547447916666667 0.5215555555555556 0.010812500000000114 0.04350925925925927
2 0.6351458333333333 0.45285185185185184 0.011041666666666571 0.0371018518518519
2 0.6172083333333334 0.4191851851851852 0.008484374999999982 0.030685185185185173
2 0.6245833333333334 0.3773240740740741 0.006338541666666705 0.02956481481481477
2 0.6291875 0.39842592592592596 0.006979166666666714 0.033361111111111084
2 0.67159375 0.4170277777777778 0.009932291666666752 0.03370370370370368
2 0.6411510416666667 0.44399074074074074 0.006984374999999924 0.0381851851851852
2 0.7020833333333333 0.48017592592592595 0.013260416666666686 0.04424999999999996
2 0.697546875 0.6112870370370371 0.014348958333333429 0.050703703703703695
2 0.8069791666666667 0.5948425925925925 0.017953124999999896 0.046046296296296314
2 0.8582760416666667 0.6485833333333334 0.014859375000000103 0.04787037037037041
3 0.8462604166666666 0.6646203703703704 0.011666666666666714 0.05667592592592596
2 0.888546875 0.4297962962962963 0.012989583333333362 0.0382222222222222