2 0.6867656249999999 0.6200555555555555 0.013692708333333314 0.05383333333333343
2 0.4348958333333333 0.6296296296296297 0.014135416666666718 0.0529074074074075
2 0.9055052083333333 0.42327777777777775 0.010416666666666666 0.0396851851851852
3 0.833703125 0.6719537037037038 0.009671875000000085 0.05820370370370361
2 0.158109375 0.48743518518518514 0.012651041666666647 0.041009259259259224
0 0.31328125 0.5967592592592592 0.0067708333333333336 0.012037037037037037
2 0.41041666666666665 0.5407407407407407 0.014583333333333334 0.046296296296296294
2 0.43359375 0.5055555555555555 0.011979166666666667 0.044444444444444446
2 0.2515625 0.4375 0.013541666666666667 0.03796296296296296
2 0.84453125 0.6527777777777778 0.015104166666666667 0.04814814814814815
2 0.78203125 0.5898148148148148 0.0140625 0.044444444444444446
2 0.6354166666666666 0.5217592592592593 0.015625 0.03981481481481482
2 0.7067708333333333 0.48657407407407405 0.013541666666666667 0.04722222222222222
2 0.6221354166666667 0.4740740740740741 0.011979166666666667 0.040740740740740744
2 0.4984375 0.46111111111111114 0.010416666666666666 0.040740740740740744
3 0.4895833333333333 0.3939814814814815 0.007291666666666667 0.03611111111111111
2 0.44166666666666665 0.36157407407407405 0.011458333333333333 0.032407407407407406
2 0.5158125 0.4140185185185185 0.010046874999999981 0.03438888888888888
2 0.5301354166666666 0.3925277777777778 0.008927083333333386 0.032407407407407406
2 0.6099322916666666 0.4166666666666667 0.0093020833333334 0.03571296296296301
2 0.6329999999999999 0.3875648148148148 0.0078125 0.031749999999999966
2 0.6653645833333334 0.40675 0.010786458333333353 0.031749999999999966
2 0.6475052083333334 0.4381574074074074 0.010046874999999981 0.041666666666666664
2 0.6302083333333334 0.43783333333333335 0.009671875000000085 0.0396851851851852
2 0.6276041666666666 0.3680555555555556 0.007442708333333314 0.029759259259259246
3 0.3292395833333333 0.3161388888888889 0.005953125000000033 0.022490740740740707