0 0.35912499999999997 0.619287037037037 0.007177083333333319 0.011453703703703603
2 0.4394427083333333 0.6411574074074075 0.011213541666666653 0.053629629629629694
2 0.68634375 0.6271666666666667 0.012109375 0.058657407407407325
2 0.4183177083333333 0.5495833333333333 0.015479166666666681 0.04805555555555564
2 0.4399895833333333 0.5043055555555556 0.01275000000000001 0.045064814814814884
2 0.49633333333333335 0.4593981481481481 0.011770833333333286 0.039685185185185094
2 0.6323385416666666 0.5255277777777778 0.013947916666666772 0.04693518518518523
2 0.781515625 0.5943425925925926 0.012864583333333238 0.04881481481481484
2 0.7173645833333333 0.4906944444444445 0.013760416666666704 0.049305555555555554
2 0.6217552083333333 0.46764814814814815 0.010187499999999971 0.04615740740740743
2 0.5126458333333334 0.41530555555555554 0.010531250000000015 0.04088888888888886
2 0.5427135416666666 0.3842037037037037 0.009489583333333228 0.03250925925925927
2 0.44521875000000005 0.35244444444444445 0.011526041666666724 0.02874999999999996
1 0.15072395833333332 0.48420370370370375 0.009968749999999993 0.04472222222222218
2 0.25784375 0.43060185185185185 0.010838541666666639 0.036796296296296306
3 0.332828125 0.3118888888888889 0.007281250000000009 0.024944444444444495
3 0.49656249999999996 0.3923055555555556 0.008687500000000034 0.0352962962962963
3 0.835578125 0.6785 0.014859375000000103 0.06260185185185176
2 0.8459427083333334 0.6622592592592592 0.015526041666666638 0.061027777777777854
2 0.6551718750000001 0.4359537037037037 0.011890624999999962 0.04212037037037038
2 0.6660364583333334 0.4030740740740741 0.008182291666666685 0.03479629629629633
2 0.6345104166666666 0.3661388888888889 0.009286458333333296 0.030574074074074056
2 0.6379322916666667 0.38796296296296295 0.00806770833333322 0.032972222222222236
2 0.6285000000000001 0.43209259259259264 0.008921875000000056 0.03983333333333332
2 0.6137343749999999 0.4143611111111111 0.009416666666666629 0.038833333333333386
1 0.9176354166666666 0.4235648148148148 0.010671874999999886 0.0418703703703704