2 0.44019791666666663 0.6201944444444444 0.011088541666666648 0.04514814814814814
2 0.40211458333333333 0.5317314814814814 0.00927083333333331 0.037749999999999985
2 0.42162499999999997 0.509074074074074 0.008354166666666647 0.0452499999999999
2 0.6909479166666667 0.6118333333333333 0.012046875000000058 0.05241666666666658
2 0.6447447916666668 0.5194444444444445 0.01317187499999998 0.043407407407407506
2 0.6241458333333333 0.4910092592592592 0.008291666666666704 0.04041666666666675
2 0.6990729166666667 0.48226851851851854 0.012630208333333334 0.043712962962962995
2 0.6416354166666667 0.4430185185185185 0.009645833333333324 0.03714814814814815
2 0.6674062500000001 0.41283333333333333 0.009499999999999887 0.03450925925925924
2 0.5009010416666667 0.4666111111111111 0.01019791666666663 0.038805555555555524
2 0.5230208333333334 0.415962962962963 0.010270833333333347 0.03454629629629625
2 0.4461510416666667 0.3703240740740741 0.010567708333333314 0.030629629629629666
3 0.4747135416666667 0.4009259259259259 0.008520833333333281 0.033111111111111105
2 0.5107552083333333 0.40986111111111106 0.008218749999999986 0.031000000000000017
2 0.24060416666666665 0.4484444444444444 0.009729166666666641 0.03732407407407413
1 0.16332291666666665 0.4990185185185186 0.011869791666666648 0.0338518518518518
0 0.21639583333333334 0.5495925925925925 0.00852083333333334 0.014620370370370337
3 0.3254375 0.3257962962962963 0.004807291666666676 0.02337962962962963
2 0.6318489583333334 0.4469166666666667 0.010437499999999982 0.03568518518518515
2 0.6124270833333333 0.418 0.009328124999999925 0.030509259259259302
2 0.6292500000000001 0.3949444444444445 0.007338541666666742 0.033074074074074096
2 0.6232500000000001 0.3720925925925926 0.007041666666666657 0.02846296296296297
2 0.7948697916666667 0.5923888888888889 0.020265624999999923 0.04763888888888893
2 0.8510885416666666 0.6485092592592593 0.0141354166666666 0.0466574074074075
3 0.8368854166666666 0.6661388888888888 0.012390624999999982 0.056287037037037004
1 0.8901770833333333 0.42764814814814817 0.008458333333333219 0.037444444444444495