2 0.44475 0.61725 0.012619791666666677 0.050064814814814756
2 0.3997708333333333 0.5315092592592592 0.008682291666666704 0.03901851851851861
2 0.41859375000000004 0.5092962962962962 0.010020833333333338 0.043416666666666756
2 0.501875 0.46680555555555553 0.009276041666666639 0.03859259259259265
3 0.47083854166666667 0.4024259259259259 0.007114583333333376 0.03167592592592596
2 0.44813020833333334 0.37250925925925926 0.008604166666666658 0.02807407407407412
2 0.5046822916666667 0.41329629629629633 0.008604166666666658 0.035324074074074056
2 0.5253593750000001 0.4175462962962963 0.009359375000000014 0.031712962962962964
2 0.6257552083333333 0.493324074074074 0.009151041666666752 0.04121296296296295
2 0.6499947916666666 0.5219351851851852 0.013374999999999915 0.04352777777777777
2 0.7016197916666667 0.48006481481481483 0.00951041666666678 0.04331481481481479
2 0.6329010416666667 0.45007407407407407 0.009135416666666648 0.037907407407407355
2 0.614578125 0.4180462962962963 0.008994791666666658 0.030703703703703674
2 0.6299166666666667 0.39690740740740743 0.008515624999999952 0.031009259259259268
2 0.6236510416666667 0.37574074074074076 0.006406250000000095 0.025249999999999984
2 0.6688645833333333 0.4130462962962963 0.010234375000000047 0.03581481481481477
2 0.6422916666666667 0.44416666666666665 0.011213541666666771 0.037990740740740714
2 0.6918958333333334 0.6099537037037037 0.0141354166666666 0.051962962962962864
2 0.8003020833333333 0.5921111111111111 0.012552083333333287 0.04762962962962968
2 0.8554739583333333 0.6484166666666666 0.013124999999999906 0.05021296296296298
3 0.8412083333333332 0.6665555555555556 0.010906250000000029 0.054925925925925864
1 0.89075 0.4283518518518519 0.010109374999999924 0.03741666666666664
2 0.237578125 0.4524814814814815 0.009671875000000026 0.03699074074074078
3 0.324484375 0.32640740740740737 0.006619791666666685 0.0246018518518519
1 0.162140625 0.5024907407407407 0.014494791666666689 0.03360185185185182
0 0.18633333333333332 0.5300462962962963 0.006739583333333362 0.008768518518518544