2 0.48489583333333336 0.6064814814814815 0.015625 0.07222222222222222
2 0.36770833333333336 0.6888888888888889 0.025 0.07037037037037037
2 0.4328125 0.5333333333333333 0.017708333333333333 0.07037037037037037
2 0.3182291666666667 0.3611111111111111 0.011458333333333333 0.05185185185185185
2 0.3885416666666667 0.4462962962962963 0.01875 0.06296296296296296
2 0.454859375 0.4295277777777778 0.012729166666666696 0.05658333333333335
2 0.515625 0.2808611111111111 0.010416666666666666 0.043212962962962925
3 0.5671302083333334 0.35030555555555554 0.010416666666666666 0.05040740740740735
0 0.40422395833333336 0.6296296296296297 0.007520833333333362 0.014407407407407357
2 0.59296875 0.3907407407407407 0.0140625 0.05185185185185185
2 0.6111979166666667 0.39305555555555555 0.011979166666666667 0.05277777777777778
2 0.63125 0.5518518518518518 0.0125 0.06666666666666667
2 0.6380208333333334 0.711574074074074 0.026041666666666668 0.08055555555555556
2 0.7817708333333333 0.6731481481481482 0.022916666666666665 0.07222222222222222
2 0.6533854166666667 0.43287037037037035 0.0109375 0.05462962962962963
2 0.7286458333333333 0.3814814814814815 0.015625 0.05185185185185185
2 0.77578125 0.425 0.011979166666666667 0.06111111111111111
2 0.8419270833333333 0.5212962962962963 0.0171875 0.06481481481481481
2 0.8721354166666667 0.6361111111111111 0.0140625 0.06851851851851852
3 0.97265625 0.7476851851851852 0.0265625 0.08796296296296297
2 0.7395833333333334 0.37886111111111115 0.010416666666666666 0.0540092592592593
2 0.7005208333333334 0.33025 0.009546874999999962 0.041666666666666664
2 0.696875 0.3261574074074074 0.009895833333333333 0.04398148148148148
3 0.365234375 0.2377314814814815 0.00859375 0.0375
2 0.05625 0.49027777777777776 0.015625 0.06111111111111111