3 0.84975 0.6640833333333334 0.01616666666666665 0.06150000000000007
2 0.8597812499999999 0.6500555555555555 0.013067708333333409 0.04785185185185191
2 0.8102083333333333 0.593574074074074 0.017921874999999924 0.04686111111111102
2 0.7026614583333333 0.48008333333333336 0.013557291666666771 0.043351851851851794
2 0.6725885416666666 0.4158796296296296 0.011999999999999981 0.033379629629629586
2 0.6560468749999999 0.523074074074074 0.01079687500000001 0.04291666666666658
2 0.6282760416666666 0.5025000000000001 0.010161458333333448 0.04056481481481476
2 0.6981406250000001 0.610287037037037 0.01604687499999997 0.052055555555555584
2 0.635625 0.45375 0.010046874999999981 0.039240740740740736
2 0.6416875 0.44405555555555554 0.007640625000000038 0.038574074074074045
2 0.6290625 0.39999074074074076 0.006947916666666743 0.03285185185185187
2 0.6183489583333334 0.41955555555555557 0.011322916666666552 0.030546296296296304
2 0.624921875 0.37822222222222224 0.007177083333333437 0.031194444444444493
2 0.5289739583333334 0.41957407407407404 0.009489583333333348 0.034592592592592605
2 0.5016145833333333 0.47032407407407406 0.00990624999999999 0.03942592592592596
2 0.49497395833333335 0.41850000000000004 0.0069010416666666664 0.029324074074074037
3 0.4637135416666667 0.40525925925925926 0.010526041666666685 0.034027777777777775
2 0.4527291666666667 0.3757222222222222 0.010609374999999944 0.029749999999999995
2 0.411703125 0.514287037037037 0.012260416666666647 0.045379629629629624
2 0.39507291666666666 0.532324074074074 0.010822916666666653 0.0422500000000001
2 0.23075520833333335 0.4597037037037037 0.010697916666666647 0.03956481481481483
2 0.15605729166666665 0.500287037037037 0.016177083333333304 0.03876851851851842
0 0.15419791666666666 0.5190648148148148 0.003583333333333331 0.006981481481481448
3 0.32185416666666666 0.32882407407407405 0.006817708333333291 0.023944444444444456
2 0.8898802083333333 0.4279074074074074 0.011906250000000066 0.03836111111111107
2 0.45126562499999995 0.619712962962963 0.018598958333333353 0.05423148148148142