2 0.37916666666666665 0.674074074074074 0.021875 0.07592592592592592
2 0.38671875 0.575925925925926 0.018229166666666668 0.06111111111111111
2 0.4713541666666667 0.45787037037037037 0.015625 0.062037037037037036
3 0.4296875 0.45231481481481484 0.013541666666666667 0.05648148148148148
0 0.35078125 0.4412037037037037 0.0067708333333333336 0.01574074074074074
2 0.38984375 0.5125 0.015104166666666667 0.05648148148148148
2 0.5645833333333333 0.549537037037037 0.013541666666666667 0.06388888888888888
2 0.6036458333333333 0.4356481481481482 0.015625 0.05462962962962963
2 0.41458333333333336 0.34629629629629627 0.015625 0.05
2 0.48489583333333336 0.2884259259259259 0.009375 0.041666666666666664
3 0.48984375 0.2337962962962963 0.011979166666666667 0.03796296296296296
2 0.36223958333333334 0.5875 0.019270833333333334 0.0712962962962963
2 0.3796875 0.5296296296296297 0.017708333333333333 0.05555555555555555
2 0.5963541666666666 0.5504629629629629 0.01875 0.06759259259259259
2 0.31328125 0.45185185185185184 0.016145833333333335 0.06111111111111111
2 0.24609375 0.5810185185185185 0.0140625 0.06388888888888888
2 0.27421875 0.5907407407407408 0.018229166666666668 0.07222222222222222
2 0.30416666666666664 0.5981481481481481 0.015625 0.07222222222222222
2 0.3377604166666667 0.6074074074074074 0.0203125 0.07592592592592592
2 0.62421875 0.6319444444444444 0.0234375 0.075
2 0.72109375 0.6407407407407407 0.0171875 0.08518518518518518
2 0.7583333333333333 0.5726851851851852 0.015625 0.0712962962962963
2 0.7166666666666667 0.45231481481481484 0.019791666666666666 0.05648148148148148
3 0.79375 0.7819444444444444 0.022916666666666665 0.08981481481481482
2 0.11309374999999999 0.36706481481481484 0.01339062499999999 0.04364814814814814