2 0.5635416666666667 0.21481481481481482 0.016666666666666666 0.044444444444444446
2 0.49453125 0.26666666666666666 0.018229166666666668 0.05555555555555555
2 0.43984375 0.3 0.027604166666666666 0.05925925925925926
2 0.4127604166666667 0.3453703703703704 0.021354166666666667 0.06481481481481481
3 0.48333333333333334 0.38333333333333336 0.020833333333333332 0.040740740740740744
2 0.5466145833333333 0.3300925925925926 0.024479166666666666 0.06574074074074074
2 0.6059895833333333 0.2916666666666667 0.019270833333333334 0.05925925925925926
2 0.34401041666666665 0.22268518518518518 0.0171875 0.05092592592592592
2 0.31640625 0.3013888888888889 0.0203125 0.058333333333333334
2 0.2669270833333333 0.2796296296296296 0.025520833333333333 0.053703703703703705
2 0.2078125 0.3458333333333333 0.023958333333333335 0.06944444444444445
2 0.29739583333333336 0.4449074074074074 0.020833333333333332 0.07685185185185185
2 0.18072916666666666 0.47685185185185186 0.030208333333333334 0.07222222222222222
2 0.16328125 0.6486111111111111 0.028645833333333332 0.08796296296296297
3 0.2828125 0.17824074074074073 0.017708333333333333 0.04537037037037037
2 0.3372395833333333 0.2013888888888889 0.0109375 0.049074074074074076
0 0.5481770833333334 0.23055555555555557 0.0046875 0.009259259259259259
2 0.64296875 0.27685185185185185 0.0203125 0.06296296296296296
2 0.6552083333333333 0.362962962962963 0.021875 0.06296296296296296
2 0.8221354166666667 0.43842592592592594 0.027604166666666666 0.0787037037037037
2 0.8361979166666667 0.31574074074074077 0.022395833333333334 0.07222222222222222
2 0.7966145833333333 0.27314814814814814 0.011979166666666667 0.06666666666666667
2 0.803125 0.2671296296296296 0.009375 0.06388888888888888