2 0.451890625 0.6183703703703703 0.016145833333333335 0.0514999999999999
2 0.3950885416666667 0.5327685185185185 0.010401041666666682 0.04246296296296287
2 0.4098125 0.5151851851851852 0.013510416666666695 0.045703703703703615
2 0.502203125 0.47092592592592597 0.00852604166666661 0.040379629629629536
2 0.5297916666666667 0.41976851851851854 0.009953125000000066 0.03552777777777778
2 0.49409375 0.42076851851851854 0.007692708333333324 0.030842592592592647
2 0.69878125 0.607787037037037 0.017958333333333344 0.05119444444444441
2 0.6579166666666667 0.523824074074074 0.012744791666666562 0.04162962962962966
2 0.6293020833333334 0.5031944444444445 0.011473958333333438 0.04300000000000005
2 0.70259375 0.47950925925925925 0.013510416666666695 0.04327777777777778
2 0.6191197916666666 0.4191851851851852 0.010145833333333344 0.03236111111111115
2 0.6357708333333334 0.45454629629629634 0.010531249999999897 0.03846296296296293
2 0.641796875 0.4446759259259259 0.007145833333333229 0.03885185185185189
2 0.6732291666666667 0.4160185185185185 0.011249999999999953 0.034583333333333355
2 0.6243854166666666 0.37856481481481485 0.007307291666666771 0.031000000000000017
2 0.629203125 0.4014722222222222 0.007062499999999972 0.03353703703703706
2 0.8125 0.5926296296296296 0.015213541666666686 0.04698148148148149
2 0.8598020833333333 0.6502037037037037 0.012416666666666742 0.05055555555555547
3 0.8497968749999999 0.6646481481481482 0.011958333333333352 0.05688888888888894
2 0.8880312499999999 0.42975 0.009208333333333247 0.03887962962962964
3 0.46232291666666664 0.40614814814814815 0.009666666666666638 0.03494444444444445
2 0.4530572916666667 0.3756203703703704 0.00930729166666661 0.031203703703703747
2 0.15489583333333332 0.49928703703703703 0.013828124999999976 0.03589814814814813
2 0.22990625 0.4586851851851852 0.00986979166666669 0.03760185185185176
0 0.153484375 0.5187685185185185 0.004770833333333317 0.00806481481481485
3 0.3212760416666667 0.32975 0.005874999999999986 0.023935185185185205