2 0.44622395833333334 0.6189722222222223 0.012947916666666615 0.04881481481481484
2 0.39765104166666665 0.5314537037037037 0.009687499999999953 0.04287037037037033
2 0.4160625 0.5115185185185186 0.009453125000000047 0.043620370370370275
2 0.23414583333333333 0.4559629629629629 0.009401041666666643 0.03791666666666671
2 0.15889583333333332 0.503 0.013296874999999986 0.03426851851851851
0 0.16518229166666665 0.52175 0.0052552083333333496 0.007249999999999933
2 0.5024375 0.4685092592592593 0.0112916666666667 0.04160185185185191
2 0.5003802083333333 0.4181574074074074 0.007838541666666643 0.03288888888888887
2 0.527875 0.41820370370370374 0.012390624999999982 0.038814814814814774
3 0.46740104166666663 0.4026111111111111 0.008682291666666704 0.030898148148148154
2 0.804828125 0.5944814814814815 0.011536458333333381 0.046703703703703754
2 0.694875 0.6090648148148148 0.009734375000000028 0.05140740740740739
3 0.8443020833333333 0.6649722222222222 0.012541666666666628 0.05843518518518509
2 0.858484375 0.6483518518518518 0.013406249999999887 0.05081481481481492
2 0.6295833333333333 0.3974074074074074 0.007453124999999972 0.03246296296296302
2 0.61559375 0.41926851851851854 0.006989583333333371 0.028351851851851857
2 0.6338177083333334 0.45163888888888887 0.008088541666666772 0.037731481481481484
2 0.6413541666666667 0.4442685185185185 0.00689062500000001 0.03798148148148146
2 0.6701197916666667 0.415287037037037 0.007583333333333305 0.03431481481481476
2 0.6266093749999999 0.4987685185185185 0.007734374999999952 0.04023148148148152
2 0.6525208333333333 0.5207037037037037 0.01456770833333323 0.042666666666666596
2 0.7014114583333334 0.4807129629629629 0.010411458333333219 0.041037037037036976
2 0.4499166666666667 0.3736111111111111 0.007770833333333371 0.029092592592592555
3 0.32302083333333337 0.3275740740740741 0.004557291666666667 0.025333333333333347
2 0.6239739583333334 0.3758148148148148 0.0077656249999999245 0.02757407407407405
2 0.8887604166666667 0.4291111111111111 0.010151041666666553 0.036388888888888846