2 0.4558385416666667 0.6162592592592592 0.012442708333333385 0.04589814814814809
2 0.3921614583333334 0.5336388888888889 0.011552083333333367 0.046425925925926016
2 0.407234375 0.5175185185185185 0.016348958333333385 0.04486111111111115
2 0.5026979166666666 0.47197222222222224 0.008510416666666624 0.04030555555555553
2 0.5327031249999999 0.41839814814814813 0.013609375000000057 0.03577777777777776
2 0.48819270833333334 0.4285925925925926 0.007661458333333353 0.03697222222222218
2 0.45580208333333333 0.38019444444444445 0.008588541666666671 0.02862962962962959
3 0.456578125 0.4061203703703704 0.007229166666666723 0.03299999999999999
2 0.6366041666666666 0.4576388888888889 0.0075937499999999625 0.0364537037037036
2 0.6414947916666667 0.4461296296296296 0.011468749999999991 0.03928703703703699
2 0.6201770833333333 0.4219814814814815 0.006421874999999962 0.03021296296296296
2 0.630078125 0.40135185185185185 0.007119791666666705 0.032564814814814776
2 0.6248802083333334 0.38069444444444445 0.0078125 0.028046296296296264
2 0.6744010416666666 0.41766666666666663 0.007640625000000038 0.03340740740740745
2 0.662625 0.5221018518518519 0.017401041666666592 0.04246296296296287
2 0.6301354166666666 0.5096574074074074 0.008093749999999981 0.041018518518518475
3 0.8543385416666667 0.6635462962962962 0.016885416666666705 0.05431481481481489
2 0.8882447916666667 0.4299722222222222 0.009395833333333315 0.03655555555555557
2 0.7046458333333334 0.4806388888888889 0.007770833333333371 0.043064814814814806
2 0.7031979166666668 0.6080925925925926 0.012062499999999924 0.05042592592592596
2 0.8187447916666667 0.5948796296296297 0.013874999999999934 0.04301851851851855
2 0.86159375 0.6475648148148149 0.01413020833333339 0.047027777777777745
2 0.15 0.49962962962962965 0.013624999999999983 0.036064814814814855
2 0.22731770833333334 0.46202777777777776 0.00958854166666665 0.04065740740740748
0 0.150984375 0.5193518518518518 0.004661458333333357 0.008370370370370337
3 0.31971354166666666 0.3299166666666667 0.005260416666666619 0.022055555555555603