0 0.25367708333333333 0.5653333333333332 0.007151041666666676 0.010787037037037121
1 0.1643125 0.49683333333333335 0.011276041666666655 0.04012962962962956
2 0.2453125 0.4454537037037037 0.010984375000000017 0.036925925925925925
3 0.3277760416666667 0.3238888888888889 0.005546875000000047 0.024694444444444408
2 0.4442447916666667 0.3681111111111111 0.006916666666666653 0.030953703703703657
3 0.4794635416666667 0.39955555555555555 0.009098958333333348 0.032314814814814796
2 0.5002552083333334 0.46497222222222223 0.011906249999999948 0.03903703703703701
2 0.5204791666666667 0.41621296296296295 0.008874999999999982 0.03790740740740746
2 0.5170364583333333 0.4030740740740741 0.006760416666666676 0.0293888888888889
2 0.40458854166666663 0.5326944444444444 0.009182291666666724 0.03717592592592601
2 0.43465624999999997 0.6261018518518519 0.01215104166666663 0.05215740740740734
2 0.426125 0.5068981481481482 0.011140625000000052 0.04367592592592599
2 0.640671875 0.5200092592592592 0.016755208333333372 0.041685185185185165
2 0.6218854166666666 0.48474999999999996 0.008979166666666554 0.043435185185185264
2 0.6978958333333334 0.4848148148148148 0.011062499999999887 0.04105555555555548
2 0.6866197916666666 0.6128148148148148 0.013953124999999981 0.05428703703703714
2 0.7860260416666667 0.590287037037037 0.011411458333333258 0.047694444444444435
2 0.8449166666666666 0.65275 0.009994791666666695 0.05127777777777788
3 0.8317708333333333 0.6668425925925926 0.010281249999999886 0.05523148148148157
1 0.88965625 0.42698148148148146 0.011713541666666553 0.03887962962962964
2 0.6411666666666667 0.44316666666666665 0.00813541666666661 0.03665740740740744
2 0.6292239583333333 0.4423518518518519 0.008562500000000028 0.03680555555555556
2 0.6088229166666667 0.41741666666666666 0.007963541666666648 0.03316666666666671
2 0.6642239583333333 0.4106851851851852 0.00838020833333341 0.03438888888888888
2 0.6230052083333334 0.37337037037037035 0.007203124999999962 0.02841666666666672
2 0.628984375 0.39340740740740743 0.007552083333333333 0.03211111111111106