2 0.5972220738728841 0.5515774762188946 0.017029317220052083 0.059344934534143516
2 0.7210091272989909 0.6388775578251591 0.017396163940429688 0.08006733081958912
2 0.37850802739461265 0.6722692418981482 0.021598243713378908 0.07297634548611111
2 0.3045002301534017 0.5979783799913194 0.016128921508789064 0.07186008029513889
2 0.7580774943033854 0.5734429253472222 0.015913899739583334 0.06921352810329862
2 0.7173780123392741 0.45013761167173033 0.018340365091959635 0.057835105613425926
2 0.6026323318481446 0.43763800726996527 0.01510467529296875 0.0584352281358507
2 0.3138874371846517 0.45271787290219906 0.016553624471028646 0.05932786729600695
2 0.47081952095031737 0.458722898695204 0.014046955108642577 0.060480160183376735
2 0.3379451115926107 0.6058416295934607 0.0197482426961263 0.07204058611834491
2 0.5642873446146647 0.549763008400246 0.013056119283040365 0.06445544207537615
2 0.3614283561706543 0.5882872404875579 0.016807937622070314 0.07116947880497686
2 0.6239610989888509 0.631415699146412 0.02176507314046224 0.07246523256655092
2 0.41356306076049804 0.34604177121762875 0.014525794982910156 0.04973746405707465
2 0.386787478129069 0.5769593415436921 0.01805267333984375 0.06010810004340278
2 0.3897411346435547 0.5132047299985533 0.015089607238769532 0.05774208351417824
2 0.2741166273752848 0.5904902422869647 0.017213726043701173 0.07017839219835069
2 0.48389239311218263 0.2892282980459708 0.010418987274169922 0.041126872875072336
2 0.24556541442871094 0.5829349941677517 0.014071083068847657 0.05845692952473958
2 0.37749951680501304 0.5263486791540075 0.01440137227376302 0.05638569019458912
1 0.11275873184204102 0.36530566745334203 0.013971185684204102 0.04524959988064236
0 0.3501996199289958 0.44061381022135415 0.008862781524658202 0.015720113118489584
